# oST version 5.0 parameters


[image]

width
1280

height
720

[stereo_forward/left]

camera matrix
1108.880520 0.000000 570.275302
0.000000 1115.161438 387.666379
0.000000 0.000000 1.000000

distortion
0.025907 -0.199471 0.003008 -0.009602 0.000000

rectification
0.960174 -0.056400 -0.273651
0.061163 0.998088 0.008895
0.272626 -0.025278 0.961788

projection
1728.779917 0.000000 725.516693 0.000000
0.000000 1728.779917 387.281075 0.000000
0.000000 0.000000 1.000000 0.000000
# oST version 5.0 parameters


[image]

width
1280

height
720

[stereo_forward/right]

camera matrix
1092.448428 0.000000 727.897566
0.000000 1106.772894 376.241794
0.000000 0.000000 1.000000

distortion
0.083841 -0.249735 -0.003693 0.010857 0.000000

rectification
0.981778 -0.054122 0.182159
0.057273 0.998286 -0.012074
-0.181194 0.022287 0.983195

projection
1728.779917 0.000000 725.516693 -150.985065
0.000000 1728.779917 387.281075 0.000000
0.000000 0.000000 1.000000 0.000000
